{
  "advancedEditorSelectedIdentifier" : "ProjectBrowser",
  "openSceneRelativePaths" : [
    "Scene.usda",
    "Drone.usda",
    "SampleScene_SingleCamera.usda",
    "SampleScene_MultiCameras.usda"
  ],
  "recentIdentifiers" : {
    "0D183E49-2C28-4DE9-8FFA-43E1EFD10E0F" : [

    ],
    "90E9D22D-6E65-4553-BB6B-F519104FFE13" : [

    ],
    "94A3AE00-403D-4C8E-BC56-8B8FD99FAEC6" : [

    ],
    "A7A5E022-00ED-4B1F-9C36-C3AF8528D848" : [

    ],
    "D66134B1-3681-4A8E-AFE5-29F257229F3B" : [

    ],
    "ECB0589B-45CA-43A7-A7F4-8E134E3A2178" : [

    ]
  },
  "sceneCameraHistory" : {
    "0D183E49-2C28-4DE9-8FFA-43E1EFD10E0F" : [
      {
        "date" : 785901026.056701,
        "title" : "Untitled",
        "transform" : [
          0.99915695,
          -8.586637e-10,
          -0.041054424,
          0,
          -0.016486704,
          0.9158226,
          -0.40124455,
          0,
          0.037598655,
          0.40158316,
          0.91505045,
          0,
          -1.8551466,
          2.5546875,
          3.7169492,
          1
        ]
      },
      {
        "date" : 785900925.535022,
        "title" : "Untitled",
        "transform" : [
          0.890765,
          -6.8993833e-10,
          -0.45446426,
          0,
          -0.063399516,
          0.99022144,
          -0.12426529,
          0,
          0.45002034,
          0.13950405,
          0.8820546,
          0,
          -0.74255776,
          1.7701885,
          3.1530957,
          1
        ]
      },
      {
        "date" : 785900918.119335,
        "title" : "Untitled",
        "transform" : [
          0.8761212,
          -1.6903468e-09,
          -0.48209092,
          0,
          -0.12931648,
          0.9633518,
          -0.23501165,
          0,
          0.46442318,
          0.26824108,
          0.844013,
          0,
          -0.720562,
          2.1231818,
          3.015778,
          1
        ]
      },
      {
        "date" : 785900904.09267,
        "title" : "Untitled",
        "transform" : [
          0.5211045,
          -5.205639e-09,
          0.8534929,
          0,
          0.31218973,
          0.93070173,
          -0.19060895,
          0,
          -0.79434735,
          0.36577895,
          0.48499286,
          0,
          -4.8433785,
          2.4141781,
          3.3267546,
          1
        ]
      },
      {
        "date" : 785900901.007369,
        "title" : "Untitled",
        "transform" : [
          0.28552565,
          -4.6063082e-09,
          0.9583711,
          0,
          0.37257668,
          0.9213389,
          -0.11100097,
          0,
          -0.8829846,
          0.38876045,
          0.26306587,
          0,
          -5.098101,
          2.4724028,
          3.391706,
          1
        ]
      },
      {
        "date" : 785900887.993939,
        "title" : "Untitled",
        "transform" : [
          -0.35006708,
          1.4106449e-08,
          -0.9367246,
          0,
          0.23917137,
          0.9668547,
          -0.08938174,
          0,
          0.9056766,
          -0.25532722,
          -0.33846396,
          0,
          -1.4244776,
          0.83307683,
          -0.75972533,
          1
        ]
      },
      {
        "date" : 785900877.87338,
        "title" : "Untitled",
        "transform" : [
          0.72545344,
          6.79211e-09,
          -0.6882712,
          0,
          -0.0096400045,
          0.9999019,
          -0.010160856,
          0,
          0.6882037,
          0.014006278,
          0.7253823,
          0,
          -0.6118257,
          1.531769,
          2.3181076,
          1
        ]
      },
      {
        "date" : 785900834.173483,
        "title" : "Untitled",
        "transform" : [
          0.94839036,
          3.1350567e-09,
          -0.31710568,
          0,
          -0.0763067,
          0.9706156,
          -0.22821598,
          0,
          0.3077877,
          0.2406352,
          0.9205224,
          0,
          -1.3145754,
          2.1225557,
          3.3078551,
          1
        ]
      },
      {
        "date" : 785900827.796392,
        "title" : "Untitled",
        "transform" : [
          0.9427633,
          7.546891e-09,
          0.33346272,
          0,
          0.2740766,
          0.5696164,
          -0.7748673,
          0,
          -0.18994577,
          0.82191074,
          0.5370133,
          0,
          -2.7275007,
          3.7665205,
          2.8284025,
          1
        ]
      },
      {
        "date" : 785900815.066819,
        "title" : "Untitled",
        "transform" : [
          0.9451086,
          9.759614e-09,
          0.32675663,
          0,
          0.13050714,
          0.91677594,
          -0.37747794,
          0,
          -0.29956263,
          0.39940178,
          0.8664529,
          0,
          -3.0243,
          2.5687375,
          3.7224321,
          1
        ]
      }
    ],
    "90E9D22D-6E65-4553-BB6B-F519104FFE13" : [
      {
        "date" : 786180560.225774,
        "title" : "Untitled",
        "transform" : [
          0.9999576,
          -7.097617e-05,
          0.009206262,
          0,
          0.002770374,
          0.95594215,
          -0.29354203,
          0,
          -0.008779803,
          0.29355517,
          0.95590186,
          0,
          0.0070860465,
          2.2331505,
          4.6747837,
          1
        ]
      },
      {
        "date" : 786180483.426213,
        "title" : "Untitled",
        "transform" : [
          0.9996912,
          -7.097617e-05,
          0.024849322,
          0,
          0.0076188757,
          0.9527093,
          -0.3037878,
          0,
          -0.023652602,
          0.3038834,
          0.95241565,
          0,
          -0.06544018,
          2.2836084,
          4.6498885,
          1
        ]
      },
      {
        "date" : 786121079.641325,
        "title" : "Untitled",
        "transform" : [
          0.9996912,
          -7.097617e-05,
          0.024849322,
          0,
          0.0076188757,
          0.9527093,
          -0.3037878,
          0,
          -0.023652602,
          0.3038834,
          0.95241565,
          0,
          -0.055857286,
          2.1604888,
          4.2640114,
          1
        ]
      },
      {
        "date" : 786121064.281991,
        "title" : "Untitled",
        "transform" : [
          0.99833506,
          -7.097508e-05,
          -0.05768301,
          0,
          -0.034232847,
          0.8041307,
          -0.5934661,
          0,
          0.046426803,
          0.5944527,
          0.8027893,
          0,
          0.24286395,
          3.4183793,
          3.332915,
          1
        ]
      },
      {
        "date" : 786121003.096478,
        "title" : "Untitled",
        "transform" : [
          0.99997276,
          -7.097581e-05,
          -0.0073830453,
          0,
          -0.0034599982,
          0.8788555,
          -0.47707555,
          0,
          0.0065224934,
          0.47708815,
          0.87883127,
          0,
          0.06929678,
          2.277317,
          2.5963476,
          1
        ]
      },
      {
        "date" : 786120513.873711,
        "title" : "Untitled",
        "transform" : [
          0.8813324,
          -7.096604e-05,
          -0.47249687,
          0,
          -0.20029515,
          0.9056492,
          -0.3737397,
          0,
          0.42794308,
          0.42402765,
          0.7981637,
          0,
          3.5753703,
          3.2788892,
          4.175645,
          1
        ]
      },
      {
        "date" : 786120346.793372,
        "title" : "Untitled",
        "transform" : [
          0.999321,
          -7.0964124e-05,
          0.036845565,
          0,
          0.0139073115,
          0.9267551,
          -0.37540853,
          0,
          -0.034120068,
          0.375666,
          0.92612684,
          0,
          0.973351,
          2.991094,
          5.5746155,
          1
        ]
      },
      {
        "date" : 786120243.678164,
        "title" : "Untitled",
        "transform" : [
          0.9966337,
          -7.0964255e-05,
          0.081982076,
          0,
          0.018663922,
          0.97393686,
          -0.2260496,
          0,
          -0.07982922,
          0.22681879,
          0.97065973,
          0,
          0.74612397,
          2.2689312,
          5.8823843,
          1
        ]
      },
      {
        "date" : 786120188.567003,
        "title" : "Untitled",
        "transform" : [
          0.39105743,
          -7.096477e-05,
          -0.9203662,
          0,
          -0.3126165,
          0.9405361,
          -0.13290113,
          0,
          0.8656472,
          0.33969367,
          0.36778134,
          0,
          5.536438,
          2.9349291,
          1.0204151,
          1
        ]
      },
      {
        "date" : 786120170.756438,
        "title" : "Untitled",
        "transform" : [
          0.99346656,
          -7.096517e-05,
          -0.11412322,
          0,
          -0.03617609,
          0.94823265,
          -0.3155096,
          0,
          0.108237974,
          0.31757674,
          0.94203484,
          0,
          1.8526235,
          2.8054616,
          5.385571,
          1
        ]
      }
    ],
    "94A3AE00-403D-4C8E-BC56-8B8FD99FAEC6" : [
      {
        "date" : 785505265.767407,
        "title" : "Untitled",
        "transform" : [
          0.35666478,
          2.5648397e-09,
          -0.9342324,
          0,
          -0.40438613,
          0.90146416,
          -0.1543837,
          0,
          0.8421773,
          0.43285352,
          0.32152015,
          0,
          22.82014,
          10.20933,
          14.528371,
          1
        ]
      },
      {
        "date" : 785505253.573539,
        "title" : "Untitled",
        "transform" : [
          0.9582051,
          2.5279663e-09,
          0.28608206,
          0,
          0.12141,
          0.90548,
          -0.40665153,
          0,
          -0.25904125,
          0.42438853,
          0.86763585,
          0,
          -10.632267,
          10.07231,
          8.309695,
          1
        ]
      },
      {
        "date" : 785505239.654741,
        "title" : "Untitled",
        "transform" : [
          0.8181731,
          1.0898487e-08,
          -0.574972,
          0,
          -0.16039932,
          0.9603001,
          -0.22824477,
          0,
          0.552146,
          0.27896863,
          0.78569156,
          0,
          0.75748825,
          8.245705,
          14.662271,
          1
        ]
      },
      {
        "date" : 785505233.451021,
        "title" : "Untitled",
        "transform" : [
          0.62676185,
          8.8651895e-09,
          -0.7792108,
          0,
          -0.25558475,
          0.9446761,
          -0.20558071,
          0,
          0.73610216,
          0.32800433,
          0.5920868,
          0,
          4.7469163,
          15.046942,
          7.775095,
          1
        ]
      },
      {
        "date" : 785505224.645692,
        "title" : "Untitled",
        "transform" : [
          0.9999353,
          9.779637e-09,
          0.011372832,
          0,
          0.005052957,
          0.8958763,
          -0.44427493,
          0,
          -0.010188391,
          0.44430342,
          0.8958184,
          0,
          -6.3719926,
          16.030132,
          5.5896072,
          1
        ]
      },
      {
        "date" : 785505221.753787,
        "title" : "Untitled",
        "transform" : [
          0.97190934,
          9.810687e-09,
          -0.23535553,
          0,
          -0.09751118,
          0.9101339,
          -0.4026759,
          0,
          0.21420531,
          0.414314,
          0.8845677,
          0,
          1.7239243,
          14.948141,
          5.1836896,
          1
        ]
      },
      {
        "date" : 785505216.736012,
        "title" : "Untitled",
        "transform" : [
          0.97190934,
          9.810687e-09,
          -0.23535553,
          0,
          -0.09751118,
          0.9101339,
          -0.4026759,
          0,
          0.21420531,
          0.414314,
          0.8845677,
          0,
          30.070065,
          42.493214,
          90.41803,
          1
        ]
      },
      {
        "date" : 785505209.572782,
        "title" : "Untitled",
        "transform" : [
          0.97190934,
          9.810687e-09,
          -0.23535553,
          0,
          -0.09751118,
          0.9101339,
          -0.4026759,
          0,
          0.21420531,
          0.414314,
          0.8845677,
          0,
          30.070065,
          42.493214,
          90.41803,
          1
        ]
      },
      {
        "date" : 785505199.229002,
        "title" : "Untitled",
        "transform" : [
          0.29336292,
          9.257847e-09,
          -0.95600116,
          0,
          -0.42892075,
          0.89370185,
          -0.13162057,
          0,
          0.85438025,
          0.4486611,
          0.26217884,
          0,
          97.73863,
          45.96307,
          30.723936,
          1
        ]
      },
      {
        "date" : 785505180.252482,
        "title" : "Untitled",
        "transform" : [
          0.83486,
          8.969877e-09,
          -0.55046225,
          0,
          -0.23433037,
          0.90486556,
          -0.35539776,
          0,
          0.4980946,
          0.42569718,
          0.7554361,
          0,
          56.439514,
          43.332336,
          86.8694,
          1
        ]
      }
    ],
    "A7A5E022-00ED-4B1F-9C36-C3AF8528D848" : [
      {
        "date" : 759988149.139215,
        "title" : "Untitled",
        "transform" : [
          0.6795796,
          1.4487611e-08,
          0.7336018,
          0,
          0.19118245,
          0.9654448,
          -0.17710382,
          0,
          -0.708252,
          0.26060793,
          0.6560966,
          0,
          -2.312674,
          0.86956894,
          0.90425926,
          1
        ]
      },
      {
        "date" : 759981859.17541,
        "title" : "Untitled",
        "transform" : [
          0.3020571,
          0,
          0.95328987,
          0,
          0.6740777,
          0.7071069,
          -0.2135866,
          0,
          -0.6740778,
          0.7071067,
          0.21358664,
          0,
          -1.7712253,
          1.9057121,
          -0.39155838,
          1
        ]
      },
      {
        "date" : 759981801.728176,
        "title" : "Untitled",
        "transform" : [
          1,
          0,
          0,
          0,
          0,
          0.7071069,
          -0.7071067,
          0,
          0,
          0.7071067,
          0.7071069,
          0,
          0.04120922,
          1.8292296,
          0.7141714,
          1
        ]
      },
      {
        "date" : 759981775.91679,
        "title" : "Untitled",
        "transform" : [
          1,
          0,
          -0,
          0,
          -0,
          0.7071069,
          -0.7071067,
          0,
          0,
          0.7071067,
          0.7071069,
          0,
          0.21532345,
          0.24524689,
          2.8691864,
          1
        ]
      },
      {
        "date" : 759981761.026172,
        "title" : "Untitled",
        "transform" : [
          1,
          0,
          0,
          0,
          0,
          0.7071069,
          -0.7071067,
          0,
          0,
          0.7071067,
          0.7071069,
          0,
          0,
          19.636896,
          19.636902,
          1
        ]
      },
      {
        "date" : 759981738.342347,
        "title" : "Untitled",
        "transform" : [
          1,
          0,
          0,
          0,
          0,
          0.7071069,
          -0.7071067,
          0,
          0,
          0.7071067,
          0.7071069,
          0,
          0,
          1.4918201,
          1.4918203,
          1
        ]
      },
      {
        "date" : 759981722.734098,
        "title" : "Untitled",
        "transform" : [
          1,
          0,
          -0,
          0,
          -0,
          0.7071069,
          -0.7071067,
          0,
          0,
          0.7071067,
          0.7071069,
          0,
          0,
          0.09768093,
          0.09768081,
          1
        ]
      }
    ],
    "D66134B1-3681-4A8E-AFE5-29F257229F3B" : [
      {
        "date" : 785686301.164333,
        "title" : "Untitled",
        "transform" : [
          0.40810186,
          2.8028966e-08,
          -0.91293633,
          0,
          -0.48466793,
          0.8474413,
          -0.2166568,
          0,
          0.77366,
          0.53088903,
          0.34584245,
          0,
          3.0686946,
          8.28195,
          -48.208843,
          1
        ]
      },
      {
        "date" : 785686293.309179,
        "title" : "Untitled",
        "transform" : [
          0.29990795,
          7.153314e-09,
          -0.9539681,
          0,
          -0.5771471,
          0.7962284,
          -0.18144326,
          0,
          0.75957656,
          0.60499614,
          0.23879533,
          0,
          25.653803,
          28.68415,
          4.0021553,
          1
        ]
      },
      {
        "date" : 785686287.274453,
        "title" : "Untitled",
        "transform" : [
          -0.9763408,
          5.600127e-09,
          -0.21623762,
          0,
          -0.1492176,
          0.7237492,
          0.6737368,
          0,
          0.15650184,
          0.6900631,
          -0.70662594,
          0,
          45.04776,
          33.0748,
          -55.26689,
          1
        ]
      },
      {
        "date" : 785686280.823768,
        "title" : "Untitled",
        "transform" : [
          0.025497984,
          6.4737806e-09,
          0.9996749,
          0,
          -0.024553638,
          0.99969834,
          0.0006262767,
          0,
          -0.9993733,
          -0.024561618,
          0.025490265,
          0,
          -10.9623995,
          7.6061335,
          -47.156334,
          1
        ]
      },
      {
        "date" : 785686272.926475,
        "title" : "Untitled",
        "transform" : [
          0.032656174,
          6.5606622e-09,
          0.9994669,
          0,
          -0.13022377,
          0.99147564,
          0.004254883,
          0,
          -0.99094677,
          -0.13029325,
          0.03237776,
          0,
          -10.911665,
          6.249105,
          -47.066265,
          1
        ]
      },
      {
        "date" : 785686269.958536,
        "title" : "Untitled",
        "transform" : [
          0.99791056,
          9.76105e-09,
          0.064611234,
          0,
          0.06304074,
          0.21914187,
          -0.9736544,
          0,
          -0.014159067,
          0.97569305,
          0.21868394,
          0,
          1.7031912,
          19.147366,
          -46.07833,
          1
        ]
      },
      {
        "date" : 785686258.164207,
        "title" : "Untitled",
        "transform" : [
          0.9934437,
          4.754393e-09,
          0.11432289,
          0,
          -0.019157473,
          0.9858597,
          0.16647466,
          0,
          -0.11270635,
          -0.16757329,
          0.979396,
          0,
          2.6242254,
          7.213762,
          -34.35726,
          1
        ]
      },
      {
        "date" : 785686255.888459,
        "title" : "Untitled",
        "transform" : [
          0.44319844,
          3.761814e-09,
          0.8964236,
          0,
          0.09514047,
          0.9943519,
          -0.04703816,
          0,
          -0.8913605,
          0.106133424,
          0.4406952,
          0,
          -8.168498,
          10.697708,
          -39.961426,
          1
        ]
      },
      {
        "date" : 785686239.879853,
        "title" : "Untitled",
        "transform" : [
          0.0596286,
          1.9983362e-09,
          0.9982206,
          0,
          0.52547634,
          0.85022897,
          -0.03138926,
          0,
          -0.84871614,
          0.5264131,
          0.05069799,
          0,
          -3.7678103,
          21.073544,
          -47.34851,
          1
        ]
      },
      {
        "date" : 785686232.744139,
        "title" : "Untitled",
        "transform" : [
          -0.39604357,
          2.0133257e-09,
          0.9182317,
          0,
          0.42413297,
          0.88693106,
          0.1829333,
          0,
          -0.8144082,
          0.46190187,
          -0.35126328,
          0,
          -0.43752217,
          18.61118,
          -51.730785,
          1
        ]
      }
    ],
    "ECB0589B-45CA-43A7-A7F4-8E134E3A2178" : [
      {
        "date" : 786198973.486988,
        "title" : "Untitled",
        "transform" : [
          0.9999974,
          -8.158634e-11,
          0.0023008983,
          0,
          0.00075895945,
          0.94403225,
          -0.32985267,
          0,
          -0.0021721222,
          0.3298535,
          0.94402975,
          0,
          -0.013323999,
          2.0233529,
          5.790766,
          1
        ]
      }
    ]
  },
  "sceneViewportBackgroundColors" : {

  },
  "selectedSceneRelativePath" : "Scene.usda"
}