{
  "advancedEditorSelectedIdentifier" : "ProjectBrowser",
  "openSceneRelativePaths" : [
    "Scene.usda"
  ],
  "recentIdentifiers" : {
    "A7A5E022-00ED-4B1F-9C36-C3AF8528D848" : [

    ],
    "D66134B1-3681-4A8E-AFE5-29F257229F3B" : [

    ]
  },
  "sceneCameraHistory" : {
    "A7A5E022-00ED-4B1F-9C36-C3AF8528D848" : [
      {
        "date" : 759988149.139215,
        "title" : "Untitled",
        "transform" : [
          0.6795796,
          1.4487611e-08,
          0.7336018,
          0,
          0.19118245,
          0.9654448,
          -0.17710382,
          0,
          -0.708252,
          0.26060793,
          0.6560966,
          0,
          -2.312674,
          0.86956894,
          0.90425926,
          1
        ]
      },
      {
        "date" : 759981859.17541,
        "title" : "Untitled",
        "transform" : [
          0.3020571,
          0,
          0.95328987,
          0,
          0.6740777,
          0.7071069,
          -0.2135866,
          0,
          -0.6740778,
          0.7071067,
          0.21358664,
          0,
          -1.7712253,
          1.9057121,
          -0.39155838,
          1
        ]
      },
      {
        "date" : 759981801.728176,
        "title" : "Untitled",
        "transform" : [
          1,
          0,
          0,
          0,
          0,
          0.7071069,
          -0.7071067,
          0,
          0,
          0.7071067,
          0.7071069,
          0,
          0.04120922,
          1.8292296,
          0.7141714,
          1
        ]
      },
      {
        "date" : 759981775.91679,
        "title" : "Untitled",
        "transform" : [
          1,
          0,
          -0,
          0,
          -0,
          0.7071069,
          -0.7071067,
          0,
          0,
          0.7071067,
          0.7071069,
          0,
          0.21532345,
          0.24524689,
          2.8691864,
          1
        ]
      },
      {
        "date" : 759981761.026172,
        "title" : "Untitled",
        "transform" : [
          1,
          0,
          0,
          0,
          0,
          0.7071069,
          -0.7071067,
          0,
          0,
          0.7071067,
          0.7071069,
          0,
          0,
          19.636896,
          19.636902,
          1
        ]
      },
      {
        "date" : 759981738.342347,
        "title" : "Untitled",
        "transform" : [
          1,
          0,
          0,
          0,
          0,
          0.7071069,
          -0.7071067,
          0,
          0,
          0.7071067,
          0.7071069,
          0,
          0,
          1.4918201,
          1.4918203,
          1
        ]
      },
      {
        "date" : 759981722.734098,
        "title" : "Untitled",
        "transform" : [
          1,
          0,
          -0,
          0,
          -0,
          0.7071069,
          -0.7071067,
          0,
          0,
          0.7071067,
          0.7071069,
          0,
          0,
          0.09768093,
          0.09768081,
          1
        ]
      }
    ],
    "D66134B1-3681-4A8E-AFE5-29F257229F3B" : [
      {
        "date" : 785084045.87303,
        "title" : "Untitled",
        "transform" : [
          0.29577446,
          -5.1681777e-08,
          -0.9552579,
          0,
          -0.16042306,
          0.9857977,
          -0.049671456,
          0,
          0.941691,
          0.1679369,
          0.29157373,
          0,
          22.351576,
          9.236418,
          -24.41336,
          1
        ]
      },
      {
        "date" : 785084039.604216,
        "title" : "Untitled",
        "transform" : [
          0.14091119,
          -5.1461786e-08,
          -0.9900223,
          0,
          -0.11936258,
          0.99270535,
          -0.016989043,
          0,
          0.98280036,
          0.120565526,
          0.13988324,
          0,
          24.61271,
          6.6309915,
          -32.75631,
          1
        ]
      },
      {
        "date" : 785082170.361072,
        "title" : "Untitled",
        "transform" : [
          0.14091119,
          -5.1461786e-08,
          -0.9900223,
          0,
          -0.11936258,
          0.99270535,
          -0.016989043,
          0,
          0.98280036,
          0.120565526,
          0.13988324,
          0,
          24.70959,
          6.6428766,
          -32.742523,
          1
        ]
      },
      {
        "date" : 785082162.226686,
        "title" : "Untitled",
        "transform" : [
          0.034702946,
          -5.2755055e-08,
          -0.9993976,
          0,
          -0.4922509,
          0.8702855,
          -0.017092852,
          0,
          0.86976135,
          0.49254757,
          0.030201409,
          0,
          23.168379,
          9.915166,
          -33.755653,
          1
        ]
      },
      {
        "date" : 785082148.964711,
        "title" : "Untitled",
        "transform" : [
          0.26926208,
          -5.2950707e-08,
          -0.9630669,
          0,
          -0.5566603,
          0.8160311,
          -0.15563561,
          0,
          0.7858926,
          0.57800794,
          0.21972618,
          0,
          22.216633,
          10.629721,
          -32.20979,
          1
        ]
      },
      {
        "date" : 785082144.476475,
        "title" : "Untitled",
        "transform" : [
          0.42044944,
          -5.3271783e-08,
          -0.9073159,
          0,
          -0.5501025,
          0.7952387,
          -0.25491706,
          0,
          0.72153276,
          0.6062965,
          0.33435765,
          0,
          19.596466,
          8.539124,
          -32.360184,
          1
        ]
      },
      {
        "date" : 785082136.022989,
        "title" : "Untitled",
        "transform" : [
          0.42044947,
          -3.6819234e-08,
          -0.90731597,
          0,
          -0.5501025,
          0.79523873,
          -0.2549171,
          0,
          0.72153276,
          0.6062965,
          0.3343577,
          0,
          372.63617,
          417.25784,
          99.13794,
          1
        ]
      },
      {
        "date" : 785082132.964388,
        "title" : "Untitled",
        "transform" : [
          0.89474523,
          -2.9657855e-08,
          -0.44657707,
          0,
          -0.048900157,
          0.99398685,
          -0.0979746,
          0,
          0.4438917,
          0.109499976,
          0.88936496,
          0,
          282.15677,
          162.26234,
          434.55283,
          1
        ]
      },
      {
        "date" : 785082127.562214,
        "title" : "Untitled",
        "transform" : [
          -0.47008282,
          -1.1955808e-08,
          -0.88262236,
          0,
          -0.23346886,
          0.964381,
          0.12434492,
          0,
          0.8511842,
          0.26451716,
          -0.45333895,
          0,
          32.47354,
          15.069102,
          -52.62396,
          1
        ]
      },
      {
        "date" : 785082112.478837,
        "title" : "Untitled",
        "transform" : [
          0.33987656,
          -4.352324e-09,
          -0.94047,
          0,
          -0.4335045,
          0.8874288,
          -0.15666434,
          0,
          0.83460027,
          0.46094447,
          0.3016163,
          0,
          37.88511,
          19.70903,
          -35.20519,
          1
        ]
      }
    ]
  },
  "sceneViewportBackgroundColors" : {

  },
  "selectedSceneRelativePath" : "Untitled Scene.usda"
}