{
  "advancedEditorSelectedIdentifier" : "ProjectBrowser",
  "openSceneRelativePaths" : [
    "Scene.usda"
  ],
  "recentIdentifiers" : {
    "A7A5E022-00ED-4B1F-9C36-C3AF8528D848" : [

    ],
    "D66134B1-3681-4A8E-AFE5-29F257229F3B" : [

    ]
  },
  "sceneCameraHistory" : {
    "A7A5E022-00ED-4B1F-9C36-C3AF8528D848" : [
      {
        "date" : 759988149.139215,
        "title" : "Untitled",
        "transform" : [
          0.6795796,
          1.4487611e-08,
          0.7336018,
          0,
          0.19118245,
          0.9654448,
          -0.17710382,
          0,
          -0.708252,
          0.26060793,
          0.6560966,
          0,
          -2.312674,
          0.86956894,
          0.90425926,
          1
        ]
      },
      {
        "date" : 759981859.17541,
        "title" : "Untitled",
        "transform" : [
          0.3020571,
          0,
          0.95328987,
          0,
          0.6740777,
          0.7071069,
          -0.2135866,
          0,
          -0.6740778,
          0.7071067,
          0.21358664,
          0,
          -1.7712253,
          1.9057121,
          -0.39155838,
          1
        ]
      },
      {
        "date" : 759981801.728176,
        "title" : "Untitled",
        "transform" : [
          1,
          0,
          0,
          0,
          0,
          0.7071069,
          -0.7071067,
          0,
          0,
          0.7071067,
          0.7071069,
          0,
          0.04120922,
          1.8292296,
          0.7141714,
          1
        ]
      },
      {
        "date" : 759981775.91679,
        "title" : "Untitled",
        "transform" : [
          1,
          0,
          -0,
          0,
          -0,
          0.7071069,
          -0.7071067,
          0,
          0,
          0.7071067,
          0.7071069,
          0,
          0.21532345,
          0.24524689,
          2.8691864,
          1
        ]
      },
      {
        "date" : 759981761.026172,
        "title" : "Untitled",
        "transform" : [
          1,
          0,
          0,
          0,
          0,
          0.7071069,
          -0.7071067,
          0,
          0,
          0.7071067,
          0.7071069,
          0,
          0,
          19.636896,
          19.636902,
          1
        ]
      },
      {
        "date" : 759981738.342347,
        "title" : "Untitled",
        "transform" : [
          1,
          0,
          0,
          0,
          0,
          0.7071069,
          -0.7071067,
          0,
          0,
          0.7071067,
          0.7071069,
          0,
          0,
          1.4918201,
          1.4918203,
          1
        ]
      },
      {
        "date" : 759981722.734098,
        "title" : "Untitled",
        "transform" : [
          1,
          0,
          -0,
          0,
          -0,
          0.7071069,
          -0.7071067,
          0,
          0,
          0.7071067,
          0.7071069,
          0,
          0,
          0.09768093,
          0.09768081,
          1
        ]
      }
    ],
    "D66134B1-3681-4A8E-AFE5-29F257229F3B" : [
      {
        "date" : 784999641.481217,
        "title" : "Untitled",
        "transform" : [
          0.31075352,
          -1.2704927e-08,
          -0.9504905,
          0,
          -0.19518808,
          0.9786875,
          -0.06381508,
          0,
          0.93023306,
          0.2053549,
          0.30413094,
          0,
          163.62845,
          94.89401,
          51.586117,
          1
        ]
      },
      {
        "date" : 784999435.6343,
        "title" : "Untitled",
        "transform" : [
          -0.016410712,
          -1.3298081e-08,
          -0.9998653,
          0,
          -0.12625399,
          0.9919958,
          0.0020719531,
          0,
          0.9918622,
          0.12627073,
          -0.01627898,
          0,
          170.54427,
          81.16322,
          -4.6153793,
          1
        ]
      },
      {
        "date" : 784999018.332524,
        "title" : "Untitled",
        "transform" : [
          0.058869448,
          -1.3301649e-08,
          -0.9982657,
          0,
          -0.13013269,
          0.99146694,
          -0.0076743932,
          0,
          0.9897474,
          0.13035852,
          0.058367494,
          0,
          170.48415,
          81.86656,
          8.234585,
          1
        ]
      },
      {
        "date" : 784998851.075682,
        "title" : "Untitled",
        "transform" : [
          0.4824021,
          -1.3350558e-08,
          -0.87594986,
          0,
          -0.1427582,
          0.9866302,
          -0.07861991,
          0,
          0.8642385,
          0.16297519,
          0.47595286,
          0,
          150.81964,
          87.50333,
          80.98604,
          1
        ]
      },
      {
        "date" : 784998458.469955,
        "title" : "Untitled",
        "transform" : [
          0.06618751,
          -1.4690329e-08,
          -0.9978072,
          0,
          0.0321436,
          0.999481,
          0.0021319403,
          0,
          0.9972893,
          -0.032214515,
          0.06615356,
          0,
          165.22784,
          54.418392,
          9.140062,
          1
        ]
      },
      {
        "date" : 784998448.016666,
        "title" : "Untitled",
        "transform" : [
          -0.9354629,
          1.3072169e-08,
          -0.35342482,
          0,
          -0.15845808,
          0.8938584,
          0.4194144,
          0,
          0.31591216,
          0.4483494,
          -0.83617127,
          0,
          73.742836,
          25.563295,
          -71.75074,
          1
        ]
      },
      {
        "date" : 784998439.369273,
        "title" : "Untitled",
        "transform" : [
          -0.3043319,
          9.967028e-09,
          0.952566,
          0,
          0.2772157,
          0.9567169,
          0.088566884,
          0,
          -0.91133606,
          0.29101977,
          -0.29115996,
          0,
          -76.7149,
          9.609476,
          -70.30691,
          1
        ]
      },
      {
        "date" : 764223837.979944,
        "title" : "Untitled",
        "transform" : [
          -0.15062596,
          4.7764055e-09,
          0.98859084,
          0,
          0.65657103,
          0.7476007,
          0.100038245,
          0,
          -0.7390713,
          0.66414833,
          -0.11260856,
          0,
          -71.02653,
          21.930958,
          -64.410805,
          1
        ]
      },
      {
        "date" : 764223820.997803,
        "title" : "Untitled",
        "transform" : [
          -0.1140419,
          2.6178895e-09,
          0.9934759,
          0,
          0.39635414,
          0.9169697,
          0.045498062,
          0,
          -0.9109874,
          0.39895675,
          -0.10457343,
          0,
          -75.27386,
          16.031197,
          -64.28848,
          1
        ]
      },
      {
        "date" : 764223812.882353,
        "title" : "Untitled",
        "transform" : [
          -0.9984992,
          2.6861988e-09,
          -0.054765005,
          0,
          -0.023667665,
          0.90179545,
          0.43151468,
          0,
          0.049387284,
          0.432163,
          -0.9004421,
          0,
          -55.3001,
          16.774212,
          -83.89252,
          1
        ]
      }
    ]
  },
  "sceneViewportBackgroundColors" : {

  },
  "selectedSceneRelativePath" : "Untitled Scene.usda"
}