{
  "advancedEditorSelectedIdentifier" : "ProjectBrowser",
  "openSceneRelativePaths" : [
    "Scene.usda"
  ],
  "recentIdentifiers" : {
    "A7A5E022-00ED-4B1F-9C36-C3AF8528D848" : [

    ],
    "D66134B1-3681-4A8E-AFE5-29F257229F3B" : [

    ]
  },
  "sceneCameraHistory" : {
    "A7A5E022-00ED-4B1F-9C36-C3AF8528D848" : [
      {
        "date" : 759988149.139215,
        "title" : "Untitled",
        "transform" : [
          0.6795796,
          1.4487611e-08,
          0.7336018,
          0,
          0.19118245,
          0.9654448,
          -0.17710382,
          0,
          -0.708252,
          0.26060793,
          0.6560966,
          0,
          -2.312674,
          0.86956894,
          0.90425926,
          1
        ]
      },
      {
        "date" : 759981859.17541,
        "title" : "Untitled",
        "transform" : [
          0.3020571,
          0,
          0.95328987,
          0,
          0.6740777,
          0.7071069,
          -0.2135866,
          0,
          -0.6740778,
          0.7071067,
          0.21358664,
          0,
          -1.7712253,
          1.9057121,
          -0.39155838,
          1
        ]
      },
      {
        "date" : 759981801.728176,
        "title" : "Untitled",
        "transform" : [
          1,
          0,
          0,
          0,
          0,
          0.7071069,
          -0.7071067,
          0,
          0,
          0.7071067,
          0.7071069,
          0,
          0.04120922,
          1.8292296,
          0.7141714,
          1
        ]
      },
      {
        "date" : 759981775.91679,
        "title" : "Untitled",
        "transform" : [
          1,
          0,
          -0,
          0,
          -0,
          0.7071069,
          -0.7071067,
          0,
          0,
          0.7071067,
          0.7071069,
          0,
          0.21532345,
          0.24524689,
          2.8691864,
          1
        ]
      },
      {
        "date" : 759981761.026172,
        "title" : "Untitled",
        "transform" : [
          1,
          0,
          0,
          0,
          0,
          0.7071069,
          -0.7071067,
          0,
          0,
          0.7071067,
          0.7071069,
          0,
          0,
          19.636896,
          19.636902,
          1
        ]
      },
      {
        "date" : 759981738.342347,
        "title" : "Untitled",
        "transform" : [
          1,
          0,
          0,
          0,
          0,
          0.7071069,
          -0.7071067,
          0,
          0,
          0.7071067,
          0.7071069,
          0,
          0,
          1.4918201,
          1.4918203,
          1
        ]
      },
      {
        "date" : 759981722.734098,
        "title" : "Untitled",
        "transform" : [
          1,
          0,
          -0,
          0,
          -0,
          0.7071069,
          -0.7071067,
          0,
          0,
          0.7071067,
          0.7071069,
          0,
          0,
          0.09768093,
          0.09768081,
          1
        ]
      }
    ],
    "D66134B1-3681-4A8E-AFE5-29F257229F3B" : [
      {
        "date" : 760424770.13711,
        "title" : "Untitled",
        "transform" : [
          -0.5150496,
          3.973966e-08,
          -0.8571604,
          0,
          -0.027409825,
          0.9994886,
          0.016470043,
          0,
          0.856722,
          0.03197751,
          -0.51478624,
          0,
          150.73586,
          63.221245,
          -150.36374,
          1
        ]
      },
      {
        "date" : 760424676.562955,
        "title" : "Untitled",
        "transform" : [
          -0.9360494,
          3.973966e-08,
          0.35186863,
          0,
          0.011251926,
          0.9994886,
          0.029932506,
          0,
          -0.3516887,
          0.03197751,
          -0.93557066,
          0,
          -120.68547,
          63.221245,
          -175.40115,
          1
        ]
      },
      {
        "date" : 760424659.144772,
        "title" : "Untitled",
        "transform" : [
          -0.9360494,
          3.973966e-08,
          0.35186863,
          0,
          0.011251926,
          0.9994886,
          0.029932506,
          0,
          -0.3516887,
          0.03197751,
          -0.93557066,
          0,
          -502.32544,
          263.14386,
          -730.0669,
          1
        ]
      },
      {
        "date" : 760424633.583476,
        "title" : "Untitled",
        "transform" : [
          -0.9360494,
          3.973966e-08,
          0.35186863,
          0,
          0.011251926,
          0.9994886,
          0.029932506,
          0,
          -0.3516887,
          0.03197751,
          -0.93557066,
          0,
          -394.05743,
          206.42752,
          -572.713,
          1
        ]
      },
      {
        "date" : 760424626.469207,
        "title" : "Untitled",
        "transform" : [
          -0.999828,
          3.787534e-08,
          0.018542334,
          0,
          -0.0035333368,
          0.9816759,
          -0.19052498,
          0,
          -0.018202621,
          -0.19055772,
          -0.9815071,
          0,
          -667.8655,
          191.03908,
          -2593.967,
          1
        ]
      },
      {
        "date" : 760424491.039866,
        "title" : "Untitled",
        "transform" : [
          -0.9962827,
          3.81872e-08,
          -0.086144246,
          0,
          -0.023279544,
          0.96279305,
          0.2692351,
          0,
          0.082939036,
          0.27023965,
          -0.95921403,
          0,
          -424.12326,
          1340.1371,
          -2288.0903,
          1
        ]
      },
      {
        "date" : 760424485.089654,
        "title" : "Untitled",
        "transform" : [
          -0.9059724,
          3.81872e-08,
          0.42333686,
          0,
          0.114402436,
          0.96279305,
          0.24482964,
          0,
          -0.40758577,
          0.27023965,
          -0.87226385,
          0,
          -1404.5072,
          1245.725,
          -1645.1356,
          1
        ]
      },
      {
        "date" : 760424476.146142,
        "title" : "Untitled",
        "transform" : [
          -0.55958897,
          3.81872e-08,
          -0.8287703,
          0,
          -0.22396658,
          0.96279305,
          0.15122315,
          0,
          0.7979343,
          0.27023965,
          -0.53876835,
          0,
          194.22754,
          34.98883,
          -191.66748,
          1
        ]
      },
      {
        "date" : 760424474.12837,
        "title" : "Untitled",
        "transform" : [
          -0.55958897,
          3.632168e-08,
          -0.8287703,
          0,
          -0.22396657,
          0.96279305,
          0.15122315,
          0,
          0.7979343,
          0.27023965,
          -0.5387684,
          0,
          3045.9219,
          784.2408,
          -2284.6611,
          1
        ]
      },
      {
        "date" : 760424461.758179,
        "title" : "Untitled",
        "transform" : [
          -0.55958897,
          2.4582832e-08,
          -0.8287702,
          0,
          -0.22396655,
          0.9627931,
          0.15122315,
          0,
          0.7979343,
          0.27023965,
          -0.5387685,
          0,
          186.8855,
          60.14001,
          -123.41817,
          1
        ]
      }
    ]
  },
  "sceneViewportBackgroundColors" : {

  },
  "selectedSceneRelativePath" : "Untitled Scene.usda"
}