{
  "advancedEditorSelectedIdentifier" : "ProjectBrowser",
  "openSceneRelativePaths" : [
    "Scene.usda",
    "Untitled Scene.usda"
  ],
  "recentIdentifiers" : {
    "0D183E49-2C28-4DE9-8FFA-43E1EFD10E0F" : [

    ],
    "94A3AE00-403D-4C8E-BC56-8B8FD99FAEC6" : [

    ],
    "A7A5E022-00ED-4B1F-9C36-C3AF8528D848" : [

    ],
    "D66134B1-3681-4A8E-AFE5-29F257229F3B" : [

    ]
  },
  "sceneCameraHistory" : {
    "0D183E49-2C28-4DE9-8FFA-43E1EFD10E0F" : [
      {
        "date" : 785597715.232088,
        "title" : "Untitled",
        "transform" : [
          0.6308385,
          -2.008969e-08,
          0.7759141,
          0,
          0.3759955,
          0.8747447,
          -0.30569434,
          0,
          -0.6787268,
          0.48458385,
          0.55182296,
          0,
          -1.630834,
          1.2859144,
          1.6545876,
          1
        ]
      },
      {
        "date" : 785597358.507871,
        "title" : "Untitled",
        "transform" : [
          -0.045765035,
          -1.7331184e-08,
          0.9989522,
          0,
          0.4117,
          0.91112417,
          0.01886109,
          0,
          -0.91016966,
          0.41213173,
          -0.04169737,
          0,
          -2.4056509,
          1.0904427,
          0.14410514,
          1
        ]
      },
      {
        "date" : 785597355.889984,
        "title" : "Untitled",
        "transform" : [
          -0.11939379,
          -1.7331184e-08,
          0.99284697,
          0,
          0.40918383,
          0.91112417,
          0.049205855,
          0,
          -0.90460706,
          0.41213173,
          -0.10878232,
          0,
          -2.4097247,
          1.0904427,
          -0.033899773,
          1
        ]
      },
      {
        "date" : 785596837.680346,
        "title" : "Untitled",
        "transform" : [
          -0.029648077,
          -1.7331184e-08,
          0.99956036,
          0,
          0.41195065,
          0.91112417,
          0.01221879,
          0,
          -0.91072375,
          0.41213173,
          -0.027012823,
          0,
          -2.4030137,
          1.0904427,
          0.18288451,
          1
        ]
      },
      {
        "date" : 785596827.10349,
        "title" : "Untitled",
        "transform" : [
          -0.029648077,
          -1.7331184e-08,
          0.99956036,
          0,
          0.41195065,
          0.91112417,
          0.01221879,
          0,
          -0.91072375,
          0.41213173,
          -0.027012823,
          0,
          -2.357409,
          1.1207213,
          -0.89270014,
          1
        ]
      },
      {
        "date" : 785595574.657988,
        "title" : "Untitled",
        "transform" : [
          0.569959,
          -1.7331184e-08,
          0.8216731,
          0,
          0.33863756,
          0.91112417,
          -0.23489834,
          0,
          -0.74864614,
          0.41213173,
          0.5193037,
          0,
          -1.6002905,
          0.9255538,
          0.7940461,
          1
        ]
      },
      {
        "date" : 785595563.789552,
        "title" : "Untitled",
        "transform" : [
          0.7014287,
          -1.7331182e-08,
          0.71273947,
          0,
          0.29374257,
          0.91112417,
          -0.28908122,
          0,
          -0.6493941,
          0.41213173,
          0.6390889,
          0,
          -1.5728066,
          0.9260754,
          1.0663046,
          1
        ]
      },
      {
        "date" : 785595561.02307,
        "title" : "Untitled",
        "transform" : [
          0.645553,
          -1.7331182e-08,
          0.76371545,
          0,
          0.31475142,
          0.91112417,
          -0.26605302,
          0,
          -0.6958395,
          0.41213173,
          0.5881792,
          0,
          -1.5922143,
          0.9260754,
          0.9465257,
          1
        ]
      },
      {
        "date" : 785595348.45094,
        "title" : "Untitled",
        "transform" : [
          0.6465663,
          -1.7331182e-08,
          0.7628578,
          0,
          0.31439793,
          0.91112417,
          -0.26647064,
          0,
          -0.6950581,
          0.41213173,
          0.5891024,
          0,
          -0.9722081,
          0.8302787,
          0.87130934,
          1
        ]
      },
      {
        "date" : 785595344.008798,
        "title" : "Untitled",
        "transform" : [
          0.53823334,
          -1.7331182e-08,
          0.84279585,
          0,
          0.34734297,
          0.91112417,
          -0.2218232,
          0,
          -0.7678916,
          0.41213173,
          0.49039772,
          0,
          -1.5459536,
          1.188011,
          1.0485587,
          1
        ]
      }
    ],
    "94A3AE00-403D-4C8E-BC56-8B8FD99FAEC6" : [
      {
        "date" : 785505265.767407,
        "title" : "Untitled",
        "transform" : [
          0.35666478,
          2.5648397e-09,
          -0.9342324,
          0,
          -0.40438613,
          0.90146416,
          -0.1543837,
          0,
          0.8421773,
          0.43285352,
          0.32152015,
          0,
          22.82014,
          10.20933,
          14.528371,
          1
        ]
      },
      {
        "date" : 785505253.573539,
        "title" : "Untitled",
        "transform" : [
          0.9582051,
          2.5279663e-09,
          0.28608206,
          0,
          0.12141,
          0.90548,
          -0.40665153,
          0,
          -0.25904125,
          0.42438853,
          0.86763585,
          0,
          -10.632267,
          10.07231,
          8.309695,
          1
        ]
      },
      {
        "date" : 785505239.654741,
        "title" : "Untitled",
        "transform" : [
          0.8181731,
          1.0898487e-08,
          -0.574972,
          0,
          -0.16039932,
          0.9603001,
          -0.22824477,
          0,
          0.552146,
          0.27896863,
          0.78569156,
          0,
          0.75748825,
          8.245705,
          14.662271,
          1
        ]
      },
      {
        "date" : 785505233.451021,
        "title" : "Untitled",
        "transform" : [
          0.62676185,
          8.8651895e-09,
          -0.7792108,
          0,
          -0.25558475,
          0.9446761,
          -0.20558071,
          0,
          0.73610216,
          0.32800433,
          0.5920868,
          0,
          4.7469163,
          15.046942,
          7.775095,
          1
        ]
      },
      {
        "date" : 785505224.645692,
        "title" : "Untitled",
        "transform" : [
          0.9999353,
          9.779637e-09,
          0.011372832,
          0,
          0.005052957,
          0.8958763,
          -0.44427493,
          0,
          -0.010188391,
          0.44430342,
          0.8958184,
          0,
          -6.3719926,
          16.030132,
          5.5896072,
          1
        ]
      },
      {
        "date" : 785505221.753787,
        "title" : "Untitled",
        "transform" : [
          0.97190934,
          9.810687e-09,
          -0.23535553,
          0,
          -0.09751118,
          0.9101339,
          -0.4026759,
          0,
          0.21420531,
          0.414314,
          0.8845677,
          0,
          1.7239243,
          14.948141,
          5.1836896,
          1
        ]
      },
      {
        "date" : 785505216.736012,
        "title" : "Untitled",
        "transform" : [
          0.97190934,
          9.810687e-09,
          -0.23535553,
          0,
          -0.09751118,
          0.9101339,
          -0.4026759,
          0,
          0.21420531,
          0.414314,
          0.8845677,
          0,
          30.070065,
          42.493214,
          90.41803,
          1
        ]
      },
      {
        "date" : 785505209.572782,
        "title" : "Untitled",
        "transform" : [
          0.97190934,
          9.810687e-09,
          -0.23535553,
          0,
          -0.09751118,
          0.9101339,
          -0.4026759,
          0,
          0.21420531,
          0.414314,
          0.8845677,
          0,
          30.070065,
          42.493214,
          90.41803,
          1
        ]
      },
      {
        "date" : 785505199.229002,
        "title" : "Untitled",
        "transform" : [
          0.29336292,
          9.257847e-09,
          -0.95600116,
          0,
          -0.42892075,
          0.89370185,
          -0.13162057,
          0,
          0.85438025,
          0.4486611,
          0.26217884,
          0,
          97.73863,
          45.96307,
          30.723936,
          1
        ]
      },
      {
        "date" : 785505180.252482,
        "title" : "Untitled",
        "transform" : [
          0.83486,
          8.969877e-09,
          -0.55046225,
          0,
          -0.23433037,
          0.90486556,
          -0.35539776,
          0,
          0.4980946,
          0.42569718,
          0.7554361,
          0,
          56.439514,
          43.332336,
          86.8694,
          1
        ]
      }
    ],
    "A7A5E022-00ED-4B1F-9C36-C3AF8528D848" : [
      {
        "date" : 759988149.139215,
        "title" : "Untitled",
        "transform" : [
          0.6795796,
          1.4487611e-08,
          0.7336018,
          0,
          0.19118245,
          0.9654448,
          -0.17710382,
          0,
          -0.708252,
          0.26060793,
          0.6560966,
          0,
          -2.312674,
          0.86956894,
          0.90425926,
          1
        ]
      },
      {
        "date" : 759981859.17541,
        "title" : "Untitled",
        "transform" : [
          0.3020571,
          0,
          0.95328987,
          0,
          0.6740777,
          0.7071069,
          -0.2135866,
          0,
          -0.6740778,
          0.7071067,
          0.21358664,
          0,
          -1.7712253,
          1.9057121,
          -0.39155838,
          1
        ]
      },
      {
        "date" : 759981801.728176,
        "title" : "Untitled",
        "transform" : [
          1,
          0,
          0,
          0,
          0,
          0.7071069,
          -0.7071067,
          0,
          0,
          0.7071067,
          0.7071069,
          0,
          0.04120922,
          1.8292296,
          0.7141714,
          1
        ]
      },
      {
        "date" : 759981775.91679,
        "title" : "Untitled",
        "transform" : [
          1,
          0,
          -0,
          0,
          -0,
          0.7071069,
          -0.7071067,
          0,
          0,
          0.7071067,
          0.7071069,
          0,
          0.21532345,
          0.24524689,
          2.8691864,
          1
        ]
      },
      {
        "date" : 759981761.026172,
        "title" : "Untitled",
        "transform" : [
          1,
          0,
          0,
          0,
          0,
          0.7071069,
          -0.7071067,
          0,
          0,
          0.7071067,
          0.7071069,
          0,
          0,
          19.636896,
          19.636902,
          1
        ]
      },
      {
        "date" : 759981738.342347,
        "title" : "Untitled",
        "transform" : [
          1,
          0,
          0,
          0,
          0,
          0.7071069,
          -0.7071067,
          0,
          0,
          0.7071067,
          0.7071069,
          0,
          0,
          1.4918201,
          1.4918203,
          1
        ]
      },
      {
        "date" : 759981722.734098,
        "title" : "Untitled",
        "transform" : [
          1,
          0,
          -0,
          0,
          -0,
          0.7071069,
          -0.7071067,
          0,
          0,
          0.7071067,
          0.7071069,
          0,
          0,
          0.09768093,
          0.09768081,
          1
        ]
      }
    ],
    "D66134B1-3681-4A8E-AFE5-29F257229F3B" : [
      {
        "date" : 785599320.24746,
        "title" : "Untitled",
        "transform" : [
          -0.13073888,
          -6.158165e-08,
          -0.9914168,
          0,
          -0.056252364,
          0.99838895,
          0.007417982,
          0,
          0.98981965,
          0.056739356,
          -0.13052832,
          0,
          131.95746,
          20.62955,
          -46.88479,
          1
        ]
      },
      {
        "date" : 785599310.785753,
        "title" : "Untitled",
        "transform" : [
          -0.13073878,
          -5.9115948e-08,
          -0.99141693,
          0,
          -0.056252364,
          0.998389,
          0.007417975,
          0,
          0.9898197,
          0.056739368,
          -0.13052814,
          0,
          64.62376,
          4.182953,
          -43.938675,
          1
        ]
      },
      {
        "date" : 785599299.684027,
        "title" : "Untitled",
        "transform" : [
          -0.17233014,
          -6.1915e-08,
          -0.9850393,
          0,
          -0.0676722,
          0.9976374,
          0.01183902,
          0,
          0.982712,
          0.06870001,
          -0.17192294,
          0,
          84.40769,
          2.1856985,
          -49.34687,
          1
        ]
      },
      {
        "date" : 785599287.667204,
        "title" : "Untitled",
        "transform" : [
          -0.028000135,
          -6.8271135e-08,
          -0.9996079,
          0,
          0.02832812,
          0.9995984,
          -0.00079356803,
          0,
          0.9992064,
          -0.028339235,
          -0.027988829,
          0,
          66.3552,
          -8.676178,
          -70.04933,
          1
        ]
      },
      {
        "date" : 785599256.985519,
        "title" : "Untitled",
        "transform" : [
          -0.028000135,
          -6.8271135e-08,
          -0.9996079,
          0,
          0.02832812,
          0.9995984,
          -0.00079356803,
          0,
          0.9992064,
          -0.028339235,
          -0.027988829,
          0,
          47.835453,
          0.6135464,
          -53.62263,
          1
        ]
      },
      {
        "date" : 785599253.667658,
        "title" : "Untitled",
        "transform" : [
          -0.028000135,
          -6.8271135e-08,
          -0.9996079,
          0,
          0.02832812,
          0.9995984,
          -0.00079356803,
          0,
          0.9992064,
          -0.028339235,
          -0.027988829,
          0,
          47.78257,
          0.96918297,
          -55.870686,
          1
        ]
      },
      {
        "date" : 785599249.691214,
        "title" : "Untitled",
        "transform" : [
          -0.028000135,
          -6.8271135e-08,
          -0.9996079,
          0,
          0.02832812,
          0.9995984,
          -0.00079356803,
          0,
          0.9992064,
          -0.028339235,
          -0.027988829,
          0,
          47.45978,
          -2.935881,
          -63.44031,
          1
        ]
      },
      {
        "date" : 785599242.051836,
        "title" : "Untitled",
        "transform" : [
          -0.028000135,
          -6.8271135e-08,
          -0.9996079,
          0,
          0.02832812,
          0.9995984,
          -0.00079356803,
          0,
          0.9992064,
          -0.028339235,
          -0.027988829,
          0,
          41.007515,
          1.2951946,
          -55.01639,
          1
        ]
      },
      {
        "date" : 785599234.367384,
        "title" : "Untitled",
        "transform" : [
          -0.028000193,
          -6.5721466e-08,
          -0.999608,
          0,
          0.028328124,
          0.9995984,
          -0.00079358957,
          0,
          0.9992064,
          -0.028339433,
          -0.02798886,
          0,
          68.8951,
          -13.488391,
          1.2928573,
          1
        ]
      },
      {
        "date" : 785599222.419192,
        "title" : "Untitled",
        "transform" : [
          -0.9952747,
          -6.571469e-08,
          0.097100265,
          0,
          -0.0021820534,
          0.9997475,
          -0.022365091,
          0,
          -0.097075656,
          -0.022471478,
          -0.99502325,
          0,
          61.395367,
          -13.449136,
          -4.9881964,
          1
        ]
      }
    ]
  },
  "sceneViewportBackgroundColors" : {

  },
  "selectedSceneRelativePath" : "Scene.usda"
}