{
  "advancedEditorSelectedIdentifier" : "ProjectBrowser",
  "openSceneRelativePaths" : [
    "Scene.usda"
  ],
  "recentIdentifiers" : {
    "A7A5E022-00ED-4B1F-9C36-C3AF8528D848" : [

    ],
    "D66134B1-3681-4A8E-AFE5-29F257229F3B" : [

    ]
  },
  "sceneCameraHistory" : {
    "A7A5E022-00ED-4B1F-9C36-C3AF8528D848" : [
      {
        "date" : 759988149.139215,
        "title" : "Untitled",
        "transform" : [
          0.6795796,
          1.4487611e-08,
          0.7336018,
          0,
          0.19118245,
          0.9654448,
          -0.17710382,
          0,
          -0.708252,
          0.26060793,
          0.6560966,
          0,
          -2.312674,
          0.86956894,
          0.90425926,
          1
        ]
      },
      {
        "date" : 759981859.17541,
        "title" : "Untitled",
        "transform" : [
          0.3020571,
          0,
          0.95328987,
          0,
          0.6740777,
          0.7071069,
          -0.2135866,
          0,
          -0.6740778,
          0.7071067,
          0.21358664,
          0,
          -1.7712253,
          1.9057121,
          -0.39155838,
          1
        ]
      },
      {
        "date" : 759981801.728176,
        "title" : "Untitled",
        "transform" : [
          1,
          0,
          0,
          0,
          0,
          0.7071069,
          -0.7071067,
          0,
          0,
          0.7071067,
          0.7071069,
          0,
          0.04120922,
          1.8292296,
          0.7141714,
          1
        ]
      },
      {
        "date" : 759981775.91679,
        "title" : "Untitled",
        "transform" : [
          1,
          0,
          -0,
          0,
          -0,
          0.7071069,
          -0.7071067,
          0,
          0,
          0.7071067,
          0.7071069,
          0,
          0.21532345,
          0.24524689,
          2.8691864,
          1
        ]
      },
      {
        "date" : 759981761.026172,
        "title" : "Untitled",
        "transform" : [
          1,
          0,
          0,
          0,
          0,
          0.7071069,
          -0.7071067,
          0,
          0,
          0.7071067,
          0.7071069,
          0,
          0,
          19.636896,
          19.636902,
          1
        ]
      },
      {
        "date" : 759981738.342347,
        "title" : "Untitled",
        "transform" : [
          1,
          0,
          0,
          0,
          0,
          0.7071069,
          -0.7071067,
          0,
          0,
          0.7071067,
          0.7071069,
          0,
          0,
          1.4918201,
          1.4918203,
          1
        ]
      },
      {
        "date" : 759981722.734098,
        "title" : "Untitled",
        "transform" : [
          1,
          0,
          -0,
          0,
          -0,
          0.7071069,
          -0.7071067,
          0,
          0,
          0.7071067,
          0.7071069,
          0,
          0,
          0.09768093,
          0.09768081,
          1
        ]
      }
    ],
    "D66134B1-3681-4A8E-AFE5-29F257229F3B" : [
      {
        "date" : 764223837.979944,
        "title" : "Untitled",
        "transform" : [
          -0.15062596,
          4.7764055e-09,
          0.98859084,
          0,
          0.65657103,
          0.7476007,
          0.100038245,
          0,
          -0.7390713,
          0.66414833,
          -0.11260856,
          0,
          -71.02653,
          21.930958,
          -64.410805,
          1
        ]
      },
      {
        "date" : 764223820.997803,
        "title" : "Untitled",
        "transform" : [
          -0.1140419,
          2.6178895e-09,
          0.9934759,
          0,
          0.39635414,
          0.9169697,
          0.045498062,
          0,
          -0.9109874,
          0.39895675,
          -0.10457343,
          0,
          -75.27386,
          16.031197,
          -64.28848,
          1
        ]
      },
      {
        "date" : 764223812.882353,
        "title" : "Untitled",
        "transform" : [
          -0.9984992,
          2.6861988e-09,
          -0.054765005,
          0,
          -0.023667665,
          0.90179545,
          0.43151468,
          0,
          0.049387284,
          0.432163,
          -0.9004421,
          0,
          -55.3001,
          16.774212,
          -83.89252,
          1
        ]
      },
      {
        "date" : 764223805.720906,
        "title" : "Untitled",
        "transform" : [
          -0.9984992,
          2.6861988e-09,
          -0.054765005,
          0,
          -0.023667661,
          0.9017953,
          0.43151462,
          0,
          0.049387284,
          0.432163,
          -0.9004421,
          0,
          -79.03508,
          18.704052,
          -84.268074,
          1
        ]
      },
      {
        "date" : 764223800.757917,
        "title" : "Untitled",
        "transform" : [
          -0.17679986,
          2.6444686e-09,
          0.98424685,
          0,
          0.5224933,
          0.84746194,
          0.0938555,
          0,
          -0.83411187,
          0.53085583,
          -0.14983162,
          0,
          -83.054184,
          20.830101,
          -49.11454,
          1
        ]
      },
      {
        "date" : 764223798.286562,
        "title" : "Untitled",
        "transform" : [
          -0.40998444,
          -2.6738253e-10,
          0.91209257,
          0,
          0.11014739,
          0.99268126,
          0.049511377,
          0,
          -0.9054171,
          0.12076327,
          -0.4069843,
          0,
          -91.111015,
          10.668206,
          -57.432945,
          1
        ]
      },
      {
        "date" : 764223790.86691,
        "title" : "Untitled",
        "transform" : [
          -0.40998444,
          -2.6738253e-10,
          0.91209257,
          0,
          0.11014739,
          0.99268126,
          0.049511377,
          0,
          -0.9054171,
          0.12076327,
          -0.4069843,
          0,
          -71.59747,
          2.799612,
          -57.597965,
          1
        ]
      },
      {
        "date" : 764223788.552726,
        "title" : "Untitled",
        "transform" : [
          -0.40998444,
          -2.6738253e-10,
          0.91209257,
          0,
          0.11014739,
          0.99268126,
          0.049511377,
          0,
          -0.9054171,
          0.12076327,
          -0.4069843,
          0,
          -71.60157,
          2.799612,
          -57.588844,
          1
        ]
      },
      {
        "date" : 764223782.433294,
        "title" : "Untitled",
        "transform" : [
          -0.89636475,
          -3.4686742e-09,
          0.44331744,
          0,
          0.26785752,
          0.7968235,
          0.5415945,
          0,
          -0.3532454,
          0.6042119,
          -0.7142448,
          0,
          -71.0043,
          44.944683,
          -102.7862,
          1
        ]
      },
      {
        "date" : 764223775.800225,
        "title" : "Untitled",
        "transform" : [
          -0.89636475,
          -3.4686742e-09,
          0.44331744,
          0,
          0.26785752,
          0.7968235,
          0.5415945,
          0,
          -0.3532454,
          0.6042119,
          -0.7142448,
          0,
          33.677624,
          55.144,
          -145.93094,
          1
        ]
      }
    ]
  },
  "sceneViewportBackgroundColors" : {

  },
  "selectedSceneRelativePath" : "Untitled Scene.usda"
}